MatLab_Code/Ut_2D.grd
DSAA
101 101
-2500 2500
-2500 2500
-28.0343 107.791
[rows 56 to 83 of 101, columns 0 to 62 of 101]
-1.86006 -1.74903 -1.63556 -1.51922 -1.39959 -1.2763 -1.14902 -1.01745 -0.881336 -0.740468 -0.594669 -0.443813 -0.28783 -0.12673 0.0393662 0.210175 0.38518 0.563536 0.743949 0.924549 1.10274 1.27505 1.43701 1.58301 1.70635 1.79922 1.8529 1.85807 1.80523 1.68532 1.49032 1.21399 0.852476 0.404823 -0.126721 -0.736636 -1.4163 -2.15439 -2.93747 -3.75067 -4.57849 -5.40553 -6.21722 -7.00038 -7.7437 -8.43797 -9.07622 -9.65372 -10.1678 -10.6179 -11.0051 -11.3321 -11.6026 -11.8217 -11.995 -12.1289 -12.2297 -12.3042 -12.359 -12.4007 -12.4356 -12.4697 -12.5091
-1.9604 -1.86082 -1.75968 -1.6567 -1.55161 -1.44422 -1.33438 -1.222 -1.10704 -0.98948 -0.869357 -0.746712 -0.621603 -0.494105 -0.364317 -0.232398 -0.0986178 0.0365582 0.17236 0.307563 0.440318 0.567973 0.686899 0.792325 0.87824 0.93737 0.961292 0.9407 0.865852 0.727202 0.516162 0.225938 -0.147684 -0.605705 -1.14553 -1.76088 -2.44203 -3.17629 -3.94875 -4.74318 -5.54296 -6.33203 -7.09575 -7.82154 -8.49928 -9.12153 -9.68344 -10.1825 -10.6184 -10.9925 -11.3076 -11.5675 -11.7771 -11.9417 -12.0673 -12.16 -12.226 -12.2717 -12.3031 -12.3263 -12.3471 -12.3711 -12.4037
-2.05251 -1.96316 -1.87298 -1.78179 -1.6895 -1.59605 -1.5015 -1.40593 -1.30952 -1.21247 -1.115 -1.01733 -0.919631 -0.822024 -0.724538 -0.627128 -0.529702 -0.432193 -0.334676 -0.237514 -0.141559 -0.0483935 0.0394137 0.118057 0.182278 0.225227 0.238464 0.212151 0.135505 -0.00248435 -0.2121 -0.501803 -0.877152 -1.33992 -1.88754 -2.51298 -3.20502 -3.94895 -4.72747 -5.52189 -6.31337 -7.08413 -7.81857 -8.50407 -9.1314 -9.69479 -10.1916 -10.622 -10.9879 -11.2931 -11.5422 -11.7406 -11.8939 -12.0082 -12.0895 -12.1439 -12.1772 -12.1953 -12.2039 -12.2083 -12.2139 -12.2255 -12.248
-2.13591 -2.05547 -1.97474 -1.89365 -1.81223 -1.73057 -1.64891 -1.56753 -1.48683 -1.40722 -1.32915 -1.25304 -1.17919 -1.10776 -1.03867 -0.971632 -0.906071 -0.841222 -0.776218 -0.710266 -0.642908 -0.57431 -0.505628 -0.439401 -0.379946 -0.333685 -0.309344 -0.317891 -0.372131 -0.485863 -0.672625 -0.944138 -1.30872 -1.76994 -2.32579 -2.96846 -3.68475 -4.4569 -5.26394 -6.08317 -6.89187 -7.66905 -8.39692 -9.06199 -9.65559 -10.1737 -10.6163 -10.9865 -11.2894 -11.5315 -11.7195 -11.8605 -11.9613 -12.0284 -12.0682 -12.0864 -12.0888 -12.0806 -12.067 -12.0526 -12.0421 -12.0397 -12.0496
-2.21026 -2.1373 -2.06438 -1.99152 -1.91884 -1.8466 -1.77517 -1.70507 -1.63691 -1.57138 -1.50919 -1.45099 -1.39727 -1.34828 -1.30385 -1.26339 -1.22573 -1.18923 -1.15181 -1.11116 -1.06505 -1.01168 -0.950255 -0.881528 -0.808437 -0.736761 -0.675628 -0.637756 -0.639175 -0.698271 -0.834065 -1.06392 -1.40107 -1.85246 -2.41743 -3.08738 -3.84632 -4.67213 -5.53824 -6.41573 -7.27566 -8.09153 -8.84151 -9.51014 -10.0889 -10.5759 -10.9745 -11.2919 -11.537 -11.7199 -11.85 -11.9364 -11.9871 -12.0094 -12.0097 -11.9936 -11.9665 -11.933 -11.8977 -11.8647 -11.8377 -11.8204 -11.8161
-2.2753 -2.2083 -2.14142 -2.07474 -2.00847 -1.94299 -1.87884 -1.81674 -1.75757 -1.70233 -1.65206 -1.60776 -1.57023 -1.53987 -1.51652 -1.49926 -1.4863 -1.47487 -1.46135 -1.44143 -1.41046 -1.364 -1.29845 -1.21187 -1.10501 -0.98237 -0.853287 -0.73272 -0.641367 -0.604668 -0.650463 -0.805449 -1.09113 -1.52028 -2.09482 -2.80532 -3.63194 -4.54625 -5.51352 -6.4954 -7.45314 -8.35123 -9.16102 -9.86335 -10.4496 -10.9206 -11.2847 -11.5548 -11.7453 -11.8707 -11.9443 -11.9773 -11.9792 -11.958 -11.9201 -11.871 -11.8154 -11.7577 -11.7013 -11.6499 -11.6064 -11.5737 -11.5544
-2.33091 -2.26824 -2.20549 -2.14277 -2.08034 -2.01866 -1.95843 -1.90058 -1.8463 -1.79696 -1.75406 -1.7191 -1.69335 -1.67757 -1.67177 -1.6748 -1.68418 -1.69585 -1.70424 -1.70244 -1.68256 -1.63644 -1.55644 -1.4366 -1.27401 -1.07058 -0.834982 -0.5845 -0.34605 -0.155502 -0.0545439 -0.0850977 -0.282476 -0.669263 -1.25177 -2.01959 -2.9475 -3.9982 -5.12527 -6.2764 -7.39765 -8.43897 -9.36022 -10.1358 -10.7567 -11.2282 -11.5663 -11.7923 -11.9287 -11.9961 -12.0123 -11.9914 -11.9445 -11.8801 -11.8047 -11.7235 -11.6405 -11.5592 -11.4826 -11.4132 -11.3534 -11.3054 -11.271
-2.37711 -2.31705 -2.25639 -2.1952 -2.13375 -2.07254 -2.01239 -1.95444 -1.9002 -1.85154 -1.81054 -1.77944 -1.76025 -1.75446 -1.76251 -1.7833 -1.81371 -1.84824 -1.87889 -1.89534 -1.88541 -1.83583 -1.73321 -1.5655 -1.32379 -1.00494 -0.614817 -0.172042 0.288995 0.717542 1.05031 1.2204 1.16943 0.858581 0.274465 -0.571031 -1.64489 -2.89763 -4.26675 -5.67985 -7.0596 -8.33224 -9.43818 -10.341 -11.0309 -11.5211 -11.8399 -12.022 -12.1012 -12.1069 -12.0626 -11.9857 -11.8888 -11.7809 -11.6683 -11.5555 -11.4458 -11.3418 -11.2456 -11.159 -11.0836 -11.0207 -10.9715
-2.41406 -2.35481 -2.29407 -2.23179 -2.16816 -2.10365 -2.03914 -1.97594 -1.91593 -1.8615 -1.81557 -1.78138 -1.76217 -1.76064 -1.77824 -1.81438 -1.86557 -1.92476 -1.98107 -2.01984 -2.02314 -1.97071 -1.84115 -1.61344 -1.26914 -0.795844 -0.192249 0.525051 1.31439 2.10482 2.79957 3.29024 3.47909 3.30021 2.72975 1.7831 0.504996 -1.03894 -2.76554 -4.57466 -6.35329 -7.98833 -9.38639 -10.4922 -11.2956 -11.824 -12.1272 -12.2607 -12.2755 -12.2125 -12.1021 -11.9654 -11.8164 -11.6641 -11.5143 -11.3704 -11.2348 -11.109 -10.9942 -10.8913 -10.801 -10.724 -10.6608
-2.44212 -2.38184 -2.31872 -2.25252 -2.18321 -2.11115 -2.03711 -1.96253 -1.88958 -1.82129 -1.76158 -1.71513 -1.687 -1.68194 -1.70334 -1.75201 -1.8247 -1.91298 -2.0025 -2.073 -2.09905 -2.05108 -1.8967 -1.60221 -1.13473 -0.46605 0.420389 1.51806 2.78243 4.11766 5.3756 6.37749 6.95665 7.00158 6.47472 5.4013 3.84513 1.89184 -0.352204 -2.75164 -5.13976 -7.33663 -9.18806 -10.6051 -11.5791 -12.1653 -12.4506 -12.5243 -12.4618 -12.3193 -12.1351 -11.9337 -11.73 -11.5323 -11.3451 -11.1708 -11.0102 -10.8637 -10.7315 -10.6133 -10.5093 -10.4192 -10.3431
-2.46184 -2.39866 -2.3308 -2.25766 -2.17887 -2.09443 -2.00489 -1.91156 -1.8168 -1.72427 -1.63907 -1.56779 -1.51815 -1.49816 -1.51471 -1.57155 -1.66694 -1.79157 -1.92719 -2.04645 -2.11388 -2.08754 -1.9206 -1.56236 -0.959392 -0.0585324 1.18522 2.79184 4.72825 6.87487 9.00741 10.8255 12.0368 12.4515 12.0189 10.7923 8.86941 6.35805 3.38228 0.114151 -3.20181 -6.26972 -8.82088 -10.7042 -11.9195 -12.5779 -12.8324 -12.8254 -12.6664 -12.43 -12.1626 -11.8911 -11.63 -11.3862 -11.1621 -10.9583 -10.774 -10.6082 -10.4598 -10.3278 -10.2113 -10.1095 -10.0219
-2.47404 -2.40612 -2.33111 -2.2479 -2.15552 -2.05336 -1.9414 -1.82052 -1.69298 -1.56283 -1.43643 -1.32274 -1.23319 -1.18083 -1.17844 -1.2355 -1.35423 -1.5258 -1.72762 -1.92302 -2.06311 -2.08965 -1.93732 -1.53408 -0.799811 0.354312 2.02044 4.27384 7.12723 10.4576 13.9376 17.0546 19.2787 20.2819 20.0158 18.6089 16.2229 12.9849 9.01163 4.49196 -0.227035 -4.64583 -8.27214 -10.8369 -12.3709 -13.0995 -13.2917 -13.1704 -12.889 -12.5416 -12.1813 -11.8351 -11.5151 -11.2253 -10.9655 -10.7338 -10.5275 -10.3441 -10.1813 -10.0369 -9.90949 -9.79751 -9.69979
-2.47976 -2.40538 -2.3209 -2.22444 -2.11416 -1.98846 -1.84627 -1.68749 -1.51367 -1.32875 -1.14009 -0.959237 -0.802511 -0.690399 -0.645336 -0.687219 -0.826862 -1.05887 -1.35644 -1.67034 -1.93264 -2.06295 -1.97292 -1.56595 -0.731413 0.663856 2.77966 5.7877 9.81181 14.7922 20.2938 25.4423 29.2455 31.1278 31.1031 29.4828 26.5484 22.4341 17.1874 10.9437 4.15255 -2.33686 -7.58642 -11.1021 -13.0094 -13.7666 -13.837 -13.5538 -13.1196 -12.6448 -12.1838 -11.7604 -11.3818 -11.0478 -10.7546 -10.4974 -10.2715 -10.0727 -9.89742 -9.74262 -9.60593 -9.48534 -9.37918
-2.48034 -2.39799 -2.30188 -2.18913 -2.05663 -1.90128 -1.72028 -1.51171 -1.2754 -1.01412 -0.735234 -0.452622 -0.188347 0.0267296 0.154955 0.158004 0.00771818 -0.300431 -0.736309 -1.23263 -1.69284 -2.00478 -2.05121 -1.71012 -0.842558 0.728686 3.24222 7.00542 12.3435 19.3998 27.7097 35.8381 41.9211 44.9566 45.1833 43.2971 39.7766 34.7372 28.0569 19.6661 10.0313 0.547274 -6.99316 -11.6909 -13.9278 -14.5992 -14.4541 -13.9524 -13.3367 -12.7224 -12.1581 -11.659 -11.2253 -10.851 -10.5282 -10.249 -10.0066 -9.79502 -9.60954 -9.44631 -9.30222 -9.17475 -9.06183
-2.47743 -2.3859 -2.27637 -2.1446 -1.9858 -1.79472 -1.56594 -1.29451 -0.976923 -0.612857 -0.207663 0.224144 0.654952 1.04068 1.32084 1.42552 1.29282 0.894378 0.25964 -0.516622 -1.29036 -1.89952 -2.18886 -2.01377 -1.21919 0.398384 3.1404 7.4507 13.9115 23.029 34.5084 46.2265 54.9492 59.0794 59.3722 57.1375 53.0922 47.2972 39.3733 28.8673 16.055 3.00257 -7.14174 -12.8992 -15.191 -15.5663 -15.0909 -14.32 -13.5062 -12.7517 -12.0894 -11.5218 -11.0402 -10.632 -10.285 -9.98833 -9.73303 -9.51177 -9.31872 -9.14925 -8.9997 -8.86713 -8.74914
-2.47291 -2.37147 -2.24725 -2.09436 -1.90581 -1.67346 -1.38817 -1.04035 -0.620891 -0.123308 0.452889 1.09661 1.77768 2.43789 2.98503 3.29714 3.24778 2.75457 1.83447 0.626853 -0.639064 -1.7153 -2.3921 -2.50952 -1.92183 -0.439129 2.24731 6.64137 13.4953 23.639 37.0563 51.1071 61.2959 65.6236 65.5219 62.861 58.4948 52.4051 43.9935 32.4435 17.7254 2.40659 -9.11232 -14.9555 -16.7266 -16.5464 -15.6493 -14.5904 -13.5865 -12.7073 -11.9626 -11.3403 -10.8217 -10.3884 -10.024 -9.71527 -9.45136 -9.22379 -9.02592 -8.85252 -8.69951 -8.56361 -8.44222
-2.46891 -2.35742 -2.21799 -2.04279 -1.82212 -1.54418 -1.19489 -0.758024 -0.215954 0.448347 1.24735 2.1813 3.22584 4.31373 5.31488 6.02699 6.20374 5.64299 4.31422 2.43142 0.388457 -1.40628 -2.65925 -3.21034 -2.96479 -1.80412 0.503502 4.38199 10.5077 19.6644 31.8528 44.4542 53.0603 55.9996 55.0007 51.948 47.5979 41.8702 34.1536 23.6276 10.22 -3.53407 -13.3224 -17.5896 -18.2208 -17.3255 -16.0028 -14.6923 -13.538 -12.5673 -11.7661 -11.1082 -10.5669 -10.119 -9.7452 -9.43028 -9.16232 -8.93199 -8.73214 -8.55714 -8.40265 -8.26517 -8.14196
-2.46768 -2.34672 -2.19252 -1.99506 -1.74152 -1.41572 -0.997364 -0.461575 0.221215 1.08408 2.16006 3.47351 5.02295 6.75009 8.49384 9.94258 10.6379 10.1172 8.20625 5.24398 1.95894 -0.928096 -2.99395 -4.11498 -4.31157 -3.60223 -1.90965 0.988987 5.46919 11.898 19.9877 27.7367 32.2981 32.8963 30.9219 27.7071 23.7498 18.9673 12.9533 5.25992 -3.91442 -12.655 -18.2032 -19.8818 -19.2059 -17.678 -16.0431 -14.5733 -13.3353 -12.3198 -11.4943 -10.8234 -10.2754 -9.82432 -9.44939 -9.13445 -8.86704 -8.63751 -8.43846 -8.26412 -8.11002 -7.97261 -7.84907
-2.47151 -2.34247 -2.17506 -1.95693 -1.67189 -1.2988 -0.810184 -0.170644 0.664626 1.75061 3.15106 4.93159 7.14082 9.76775 12.6587 15.3895 17.1636 16.9756 14.2531 9.53133 4.24217 -0.278669 -3.43101 -5.22345 -5.89207 -5.65695 -4.63452 -2.83304 -0.203021 3.21008 6.93675 9.81699 10.6651 9.41789 6.91701 3.88748 0.60402 -2.96394 -6.96878 -11.4727 -16.101 -19.7751 -21.3831 -20.9364 -19.3614 -17.4887 -15.7293 -14.2203 -12.9759 -11.9661 -11.15 -10.4889 -9.94995 -9.5068 -9.13871 -8.82959 -8.56709 -8.34168 -8.14604 -7.97445 -7.82249 -7.68665 -7.56414
-2.48253 -2.34767 -2.16982 -1.93434 -1.62163 -1.20541 -0.650455 0.0903136 1.07938 2.39846 4.15139 6.46291 9.46501 13.2517 17.7619 22.529 26.3129 27.0843 23.2876 15.7245 7.2732 0.423616 -4.06557 -6.55092 -7.62951 -7.77755 -7.30153 -6.38878 -5.18818 -3.91593 -2.96033 -2.8375 -3.85416 -5.82427 -8.27777 -10.8389 -13.3429 -15.7604 -18.085 -20.2156 -21.8526 -22.5489 -22.0533 -20.6013 -18.7107 -16.8065 -15.1025 -13.6631 -12.4808 -11.5208 -10.7434 -10.1121 -9.59602 -9.17057 -8.81632 -8.51816 -8.26442 -8.04607 -7.85613 -7.68915 -7.54087 -7.40793 -7.28764
-2.5026 -2.36497 -2.18065 -1.93292 -1.599 -1.14774 -0.5363 0.294161 1.42457 2.96546 5.06611 7.92231 11.7759 16.8817 23.3787 30.911 37.8113 40.4539 35.3449 23.5789 10.6344 0.85172 -5.05296 -8.12043 -9.45547 -9.81466 -9.66119 -9.28536 -8.90365 -8.72805 -8.98602 -9.8559 -11.3456 -13.258 -15.3132 -17.2895 -19.0647 -20.5764 -21.765 -22.5265 -22.7083 -22.1839 -20.9825 -19.3277 -17.519 -15.7887 -14.2571 -12.9599 -11.8864 -11.0077 -10.2905 -9.7038 -9.22116 -8.82101 -8.48617 -8.2031 -7.96125 -7.75237 -7.57004 -7.40922 -7.26594 -7.13703 -7.01997
-2.53306 -2.39644 -2.21066 -1.95739 -1.61121 -1.13683 -0.484734 0.414443 1.65863 3.38547 5.78824 9.13342 13.7769 20.1508 28.6428 39.1117 49.5498 54.4628 47.8291 31.1198 13.1968 0.524422 -6.53274 -9.92537 -11.3036 -11.6745 -11.6094 -11.4406 -11.3824 -11.5914 -12.1779 -13.1791 -14.5283 -16.0701 -17.6232 -19.039 -20.2181 -21.0937 -21.6066 -21.6934 -21.3 -20.4231 -19.1487 -17.6411 -16.0817 -14.6089 -13.2988 -12.1759 -11.2344 -10.4538 -9.80909 -9.27619 -8.8338 -8.46409 -8.15254 -7.88754 -7.6599 -7.46233 -7.2891 -7.13566 -6.99841 -6.87445 -6.76146
-2.57466 -2.44329 -2.26186 -2.01101 -1.66351 -1.18111 -0.509327 0.42929 1.74605 3.6003 6.22081 9.93118 15.1785 22.533 32.5676 45.2745 58.3041 64.6272 56.3456 35.5156 13.7906 -0.849368 -8.49877 -11.8888 -13.0961 -13.3032 -13.1394 -12.9424 -12.8995 -13.1156 -13.6353 -14.4427 -15.4622 -16.5771 -17.662 -18.6099 -19.3413 -19.7989 -19.9393 -19.7315 -19.1682 -18.2816 -17.1513 -15.8897 -14.6105 -13.4016 -12.3143 -11.3684 -10.5626 -9.88434 -9.31641 -8.84114 -8.44227 -8.1057 -7.81969 -7.5746 -7.36266 -7.17763 -7.01454 -6.86937 -6.73894 -6.62064 -6.51236
-2.62738 -2.50573 -2.33486 -2.09509 -1.75844 -1.28518 -0.618163 0.324857 1.66341 3.57063 6.29795 10.2048 15.7922 23.7028 34.5811 48.4021 62.4827 68.9543 59.2296 35.9969 12.3579 -3.08139 -10.757 -13.8673 -14.744 -14.6668 -14.2855 -13.9239 -13.7384 -13.7958 -14.1054 -14.6322 -15.3068 -16.0397 -16.7395 -17.3266 -17.7391 -17.9322 -17.8768 -17.5604 -16.9922 -16.2078 -15.2684 -14.2493 -13.2239 -12.2495 -11.3624 -10.5787 -9.90012 -9.31991 -8.82697 -8.40896 -8.05395 -7.75121 -7.49152 -7.26712 -7.07163 -6.89983 -6.7475 -6.61118 -6.48808 -6.37593 -6.27286
-2.69039 -2.58283 -2.42869 -2.20873 -1.89534 -1.44907 -0.812541 0.0974387 1.40288 3.28194 5.99512 9.91653 15.5678 23.613 34.6988 48.7351 62.843 68.8785 58.2114 33.955 9.73794 -5.70799 -13.0407 -15.7037 -16.1628 -15.7419 -15.0883 -14.5031 -14.1143 -13.961 -14.0325 -14.2866 -14.6613 -15.0852 -15.4886 -15.8104 -16.0028 -16.032 -15.8785 -15.538 -15.0229 -14.3628 -13.6013 -12.7888 -11.9736 -11.1942 -10.4761 -9.8325 -9.26661 -8.77529 -8.35177 -7.98779 -7.67487 -7.40506 -7.17132 -6.96755 -6.78862 -6.63026 -6.48895 -6.36176 -6.24631 -6.14062 -6.04307
-2.76208 -2.67256 -2.54079 -2.34872 -2.07029 -1.66793 -1.08664 -0.246045 0.972673 2.74432 5.32633 9.09069 14.5581 22.3918 33.2324 46.9698 60.6952 66.2693 55.1742 30.7185 6.64942 -8.36459 -15.1464 -17.2776 -17.289 -16.514 -15.5818 -14.7668 -14.1709 -13.8123 -13.6672 -13.6903 -13.8252 -14.0126 -14.1968 -14.3296 -14.3737 -14.3032 -14.1042 -13.7751 -13.3267 -12.7808 -12.1678 -11.5212 -10.8733 -10.2501 -9.67002 -9.14324 -8.67351 -8.25981 -7.89824 -7.58343 -7.30949 -7.07067 -6.86169 -6.67785 -6.51511 -6.37001 -6.23966 -6.12165 -6.01395 -5.91489 -5.82303
-2.84014 -2.77188 -2.66716 -2.5098 -2.27627 -1.93246 -1.42804 -0.688944 0.395244 1.9884 4.33434 7.78945 12.8595 20.1999 30.4621 43.5838 56.7548 61.9786 50.8706 26.7797 3.35833 -10.8994 -16.9708 -18.5174 -18.0823 -16.9754 -15.7919 -14.7741 -13.999 -13.4674 -13.1465 -12.9889 -12.9425 -12.9561 -12.9833 -12.9851 -12.9315 -12.8018 -12.5852 -12.2806 -11.8957 -11.4456 -10.9509 -10.434 -9.91657 -9.4165 -8.94683 -8.51548 -8.12597 -7.77844 -7.47077 -7.19957 -6.96082 -6.75044 -6.56452 -6.39948 -6.25218 -6.11987 -6.00023 -5.89125 -5.79125 -5.69881 -5.61273
-2.92168 -2.87697 -2.80265 -2.68499 -2.50379 -2.22966 -1.81886 -1.2066 -0.295412 1.06079 3.08227 6.09629 10.578 17.1627 26.5206 38.6903 51.08 55.9846 45.2158 22.0493 -0.175308 -13.2962 -18.4699 -19.3807 -18.5182 -17.1244 -15.7389 -14.5653 -13.6551 -12.9944 -12.5437 -12.2545 -12.0781 -11.9691 -11.8877 -11.8015 -11.6853 -11.5223 -11.3033 -11.0264 -10.6966 -10.3238 -9.92159 -9.50508 -9.08871 -8.68483 -8.30273 -7.94841 -7.62493 -7.33292 -7.07138 -6.83817 -6.63063 -6.44586 -6.281 -6.13338 -6.00057 -5.88041 -5.77102 -5.67078 -5.57831 -5.49241 -5.41207
