MatLab_Code/Ut_2D.grd
DSAA
101 101
-2500 2500
-2500 2500
-28.0343 107.791
[rows 28 to 55 of 101, columns 0 to 62 of 101]
0.745592 1.11578 1.50886 1.92749 2.37445 2.85261 3.36494 3.91452 4.50442 5.13777 5.8176 6.54684 7.32819 8.16399 9.05611 10.0057 11.0132 12.0778 13.1973 14.3679 15.5841 16.8378 18.1188 19.4141 20.7082 21.9826 23.2167 24.3877 25.4713 26.4427 27.2772 27.9516 28.445 28.7398 28.8229 28.6859 28.3262 27.7466 26.956 25.9686 24.8042 23.4871 22.0461 20.5133 18.9237 17.314 15.7222 14.1862 12.7438 11.432 10.2872 9.34538 8.64311 8.21926 8.11706 8.38715 9.09141 10.3079 12.137 14.7078 18.1855 22.7737 28.7067
0.755205 1.13131 1.53123 1.95779 2.41394 2.90276 3.42748 3.99139 4.59788 5.25038 5.95228 6.70686 7.51722 8.38612 9.31584 10.308 11.3633 12.4814 13.6604 14.8966 16.1845 17.516 18.8803 20.2639 21.6501 23.0192 24.3489 25.6143 26.7888 27.8452 28.7561 29.4958 30.041 30.3721 30.4741 30.3376 29.9592 29.3418 28.4946 27.4327 26.1774 24.7549 23.196 21.5354 19.8107 18.0612 16.3274 14.6496 13.0675 11.6196 10.343 9.2737 8.4476 7.90192 7.67731 7.82076 8.38934 9.45487 11.1096 13.473 16.6975 20.9726 26.5166
0.75513 1.13593 1.54136 1.97438 2.43814 2.93591 3.47111 4.04732 4.66818 5.33742 6.05877 6.83588 7.67223 8.57099 9.53488 10.5659 11.6653 12.8328 14.0671 15.3647 16.7201 18.125 19.5684 21.036 22.5102 23.9702 25.3918 26.7482 28.0105 29.149 30.1338 30.9366 31.5316 31.8973 32.0169 31.88 31.4824 30.8268 29.923 28.7871 27.4416 25.9147 24.2393 22.4524 20.5942 18.7065 16.8323 15.0141 13.2932 11.7094 10.2999 9.10055 8.14567 7.46991 7.11004 7.10756 7.51206 8.38522 9.8056 11.8739 14.7174 18.4919 23.3726
0.74495 1.12912 1.5386 1.97651 2.44614 2.95093 3.49454 4.08074 4.71345 5.39667 6.13446 6.93081 7.78957 8.71432 9.70817 10.7736 11.9121 13.1241 14.4083 15.7616 17.1785 18.6507 20.1669 21.7123 23.2683 24.8128 26.3202 27.7617 29.1063 30.3217 31.3757 32.2372 32.8785 33.2757 33.4106 33.2716 32.8539 32.1603 31.2007 29.9924 28.5592 26.931 25.1428 23.2339 21.2468 19.2259 17.2162 15.2623 13.4072 11.6911 10.1517 8.82374 7.73961 6.93071 6.42901 6.26931 6.49201 7.14626 8.29344 10.0106 12.3928 15.5519 19.6068
0.724339 1.11047 1.52246 1.96355 2.43717 2.94693 3.49664 4.0903 4.73206 5.42619 6.17702 6.98886 7.86593 8.81217 9.83108 10.9255 12.0975 13.3477 14.6751 16.077 17.5479 19.0796 20.6604 22.2751 23.9043 25.5247 27.1093 28.6275 30.0462 31.3309 32.4468 33.3609 34.0428 34.4671 34.614 34.4707 34.0321 33.3007 32.2871 31.0094 29.4926 27.7684 25.8737 23.8498 21.7416 19.5957 17.459 15.378 13.3967 11.5561 9.89366 8.44284 7.23382 6.29434 5.65113 5.33183 5.36703 5.79271 6.65237 7.99884 9.89445 12.408 15.605
0.69307 1.07968 1.49256 1.93503 2.41065 2.92315 3.47652 4.07491 4.72269 5.42434 6.18446 7.00766 7.89845 8.86111 9.89952 11.0169 12.2156 13.4967 14.8595 16.3015 17.8175 19.399 21.0344 22.7078 24.3994 26.0848 27.7355 29.3194 30.8016 32.1454 33.314 34.272 34.9874 35.4328 35.5873 35.437 34.9765 34.2082 33.1431 31.8003 30.2061 28.3934 26.401 24.2722 22.0539 19.7944 17.5427 15.3465 13.2509 11.2974 9.52274 7.95914 6.63433 5.57233 4.79471 4.32208 4.17573 4.3793 4.9601 5.94961 7.38263 9.29366 11.7088
0.65103 1.0366 1.44867 1.89066 2.36618 2.8791 3.43353 4.03375 4.6843 5.38987 6.15525 6.98531 7.88481 8.85834 9.9101 11.0436 12.2616 13.5654 14.9547 16.4272 17.9776 19.5979 21.276 22.9958 24.7369 26.4739 28.1774 29.8138 31.3465 32.737 33.9468 34.9385 35.6784 36.1378 36.2945 36.1341 35.6506 34.8466 33.7337 32.3315 30.6675 28.776 26.6973 24.4764 22.1618 19.8035 17.452 15.1562 12.9617 10.9102 9.03788 7.37547 5.94826 4.77677 3.87777 3.26558 2.95337 2.95442 3.2829 3.95396 4.98266 6.38103 8.15294
0.598224 0.981202 1.39074 1.8303 2.30358 2.81452 3.3673 3.96634 4.61628 5.32195 6.08833 6.92047 7.82335 8.8018 9.86025 11.0026 12.2316 13.5492 14.9551 16.4473 18.0207 19.6671 21.3746 23.1268 24.9026 26.6762 28.4171 30.0906 31.6588 33.0817 34.3193 35.3328 36.087 36.5521 36.7051 36.531 36.0236 35.1857 34.0293 32.5747 30.8503 28.8917 26.7404 24.4428 22.0484 19.609 17.1759 14.7987 12.5238 10.3924 8.4401 6.69612 5.18348 3.91953 2.91687 2.18454 1.72918 1.55611 1.66999 2.07501 2.77424 3.76818 5.05252
0.534783 0.9136 1.31886 1.75405 2.22291 2.72941 3.27779 3.87254 4.51837 5.22022 5.98319 6.81243 7.71311 8.69022 9.7484 10.8917 12.1232 13.4449 14.8569 16.3572 17.9409 19.6 21.3224 23.0914 24.8859 26.6793 28.4407 30.1344 31.7215 33.161 34.4116 35.4336 36.1909 36.6527 36.7955 36.604 36.0719 35.2024 34.0078 32.509 30.7352 28.7229 26.5145 24.1575 21.7024 19.2017 16.7075 14.27 11.9354 9.74468 7.73257 5.92682 4.34838 3.01184 1.92639 1.0969 0.525132 0.210791 0.152394 0.347761 0.794173 1.48833 2.42648
0.460965 0.834066 1.23331 1.66219 2.12444 2.62404 3.16525 3.75258 4.39078 5.08483 5.83987 6.66116 7.55393 8.52328 9.57397 10.7102 11.9352 13.251 14.6581 16.1543 17.7352 19.3926 21.1144 22.8841 24.68 26.4756 28.2393 29.9351 31.5234 32.9625 34.2105 35.227 35.9753 36.4243 36.5502 36.3377 35.7806 34.8823 33.6554 32.1216 30.3106 28.2594 26.0111 23.6137 21.1185 18.5783 16.0454 13.5702 11.1985 8.97078 6.92072 5.07467 3.4517 2.06413 0.918415 0.0163202 -0.643816 -1.06587 -1.25485 -1.21592 -0.953522 -0.470341 0.23436
0.377155 0.743019 1.13455 1.55521 2.0087 2.49898 3.03028 3.60709 4.23415 4.91642 5.65906 6.46732 7.34645 8.30157 9.3375 10.4585 11.6678 12.9677 14.3585 15.8385 17.4029 19.0439 20.7494 22.5028 24.2825 26.062 27.8094 29.4886 31.0597 32.481 33.7102 34.7068 35.434 35.8606 35.963 35.726 35.1438 34.22 32.9677 31.4089 29.5736 27.4993 25.2293 22.8119 20.2983 17.7414 15.1934 12.7041 10.319 8.07753 6.01226 4.14815 2.50264 1.08611 -0.0970536 -1.04731 -1.76857 -2.26679 -2.54865 -2.62019 -2.4854 -2.14445 -1.59134
0.283866 0.641027 1.0232 1.43379 1.87644 2.35504 2.87377 3.43705 4.04955 4.71618 5.44202 6.23226 7.09212 8.02667 9.04067 10.1383 11.323 12.5969 13.9603 15.4115 16.9461 18.556 20.2293 21.9496 23.6955 25.4405 27.1529 28.7967 30.3325 31.7185 32.9128 33.8752 34.5692 34.9641 35.0367 34.7722 34.1652 33.2198 31.9493 30.376 28.5301 26.4491 24.1762 21.7595 19.2498 16.6996 14.1605 11.6813 9.30656 7.07474 5.01708 3.15714 1.51084 0.0870099 -1.11159 -2.08694 -2.84433 -3.39078 -3.73354 -3.87841 -3.82806 -3.57988 -3.12337
0.18173 0.528799 0.900058 1.29883 1.72865 2.19335 2.69697 3.24384 3.83851 4.48578 5.19061 5.95806 6.79323 7.70107 8.68624 9.75283 10.9041 12.1422 13.4674 14.878 16.3695 17.934 19.5598 21.2307 22.9255 24.6181 26.2773 27.8676 29.3502 30.684 31.8279 32.7424 33.3918 33.7463 33.7833 33.4887 32.8578 31.895 30.614 29.0371 27.1944 25.1233 22.8663 20.4711 17.9876 15.4672 12.9605 10.5151 8.17428 5.97501 3.94714 2.11283 0.486561 -0.924156 -2.11778 -3.09735 -3.86894 -4.44006 -4.81791 -5.00769 -5.01064 -4.8219 -4.42788
0.0714913 0.407179 0.766074 1.15139 1.56655 2.01525 2.50139 3.02916 3.60295 4.22738 4.90725 5.64744 6.45283 7.32821 8.27804 9.30624 10.4159 11.609 12.8858 14.2444 15.6805 17.1862 18.75 20.3559 21.9834 23.6067 25.1955 26.7152 28.128 29.3938 30.4728 31.3266 31.921 32.2271 32.2234 31.8969 31.2434 30.2678 28.984 27.4144 25.5888 23.5437 21.3212 18.9676 16.5317 14.0635 11.612 9.22311 6.93848 4.79346 2.81629 1.02764 -0.559343 -1.93832 -3.10872 -4.0743 -4.84161 -5.41827 -5.81127 -6.02516 -6.06015 -5.90994 -5.55933
-0.0460006 0.277129 0.622341 0.992712 1.39153 1.82232 2.28883 2.79504 3.34516 3.94359 4.59489 5.30371 6.07469 6.91235 7.82089 8.804 9.86455 11.0042 12.2232 13.5196 14.8889 16.3234 17.8119 19.3388 20.884 22.4227 23.9255 25.359 26.6867 27.8703 28.8713 29.6532 30.1832 30.4341 30.3858 30.0261 29.3518 28.3683 27.0897 25.538 23.7426 21.7392 19.5686 17.2757 14.9076 12.5125 10.1373 7.826 5.61821 3.54736 1.63996 -0.084908 -1.61539 -2.94621 -4.07761 -5.01387 -5.7618 -6.32904 -6.72234 -6.94585 -6.99919 -6.87553 -6.55934
-0.169808 0.139719 0.470078 0.824189 1.20518 1.61637 2.06133 2.54381 3.06778 3.63739 4.25693 4.93075 5.6632 6.45848 7.32047 8.25256 9.25732 10.3362 11.4891 12.7141 14.0066 15.3591 16.7606 18.1959 19.6458 21.0864 22.4895 23.8233 25.0528 26.1417 27.0536 27.754 28.212 28.4022 28.3061 27.9129 27.2201 26.2337 24.9678 23.4442 21.6915 19.7442 17.6416 15.4268 13.145 10.8419 8.56205 6.34727 4.23471 2.2557 0.434832 -1.21043 -2.66956 -3.93829 -5.01754 -5.91201 -6.62869 -7.1752 -7.55819 -7.78162 -7.8451 -7.74203 -7.45761
-0.298918 -0.00388877 0.31061 0.647329 1.0092 1.39936 1.82112 2.278 2.77371 3.3121 3.89714 4.53287 5.22328 5.9722 6.78318 7.65921 8.60254 9.61433 10.6943 11.8401 13.0474 14.3088 15.6134 16.9468 18.2905 19.6217 20.9138 22.1366 23.2572 24.2414 25.0552 25.6663 26.0464 26.1719 26.0262 25.5998 24.8912 23.907 22.6611 21.175 19.4762 17.598 15.5778 13.4565 11.277 9.08233 6.91447 4.81244 2.81084 0.938677 -0.781522 -2.33399 -3.70952 -4.90481 -5.92141 -6.76438 -7.44083 -7.95842 -8.32379 -8.54103 -8.61014 -8.5254 -8.2736
-0.432255 -0.152465 0.145347 0.463743 0.805454 1.17338 1.5706 2.00037 2.46608 2.97129 3.51961 4.11473 4.76025 5.45962 6.21597 7.03191 7.9093 8.84896 9.85032 10.911 12.0265 13.1894 14.3895 15.6129 16.8419 18.0551 19.2274 20.3307 21.3341 22.2062 22.9153 23.4319 23.73 23.7885 23.5925 23.1341 22.4129 21.4357 20.2167 18.7764 17.1415 15.3434 13.4177 11.4029 9.33917 7.26665 5.22432 3.24829 1.37039 -0.382891 -1.99117 -3.44045 -4.72285 -5.83602 -6.78206 -7.56635 -8.19614 -8.67914 -9.02212 -9.22951 -9.30206 -9.23539 -9.01848
-0.568702 -0.304726 -0.0242424 0.275114 0.595854 0.940643 1.3123 1.71377 2.14818 2.61871 3.12864 3.68125 4.27975 4.92716 5.6262 6.37905 7.18719 8.05107 8.96984 9.94096 10.9598 12.0193 13.1094 14.2171 15.3256 16.4149 17.4616 18.4396 19.3207 20.0758 20.6763 21.0953 21.3096 21.3003 21.0547 20.5664 19.8359 18.8705 17.6843 16.2971 14.7341 13.0253 11.204 9.3059 7.36835 5.42846 3.52202 1.68199 -0.0627072 -1.68821 -3.17637 -4.51496 -5.69745 -6.72237 -7.5924 -8.31316 -8.89204 -9.33682 -9.65451 -9.85002 -9.92507 -9.87692 -9.69716
-0.707116 -0.459357 -0.196649 0.0831669 0.382378 0.7034 1.04878 1.42118 1.82337 2.25822 2.72862 3.23746 3.78753 4.38142 5.02142 5.70928 6.44607 7.2319 8.06563 8.94455 9.86402 10.8171 11.7943 12.7831 13.768 14.7303 15.6485 16.4986 17.2551 17.8914 18.382 18.7029 18.8334 18.7574 18.464 17.9485 17.2123 16.2632 15.1149 13.7865 12.302 10.6893 8.9793 7.20524 5.40122 3.60117 1.83756 0.140148 -1.46517 -2.95722 -4.32011 -5.54341 -6.62188 -7.55493 -8.34574 -9.00018 -9.52573 -9.93028 -10.2211 -10.4036 -10.4807 -10.4514 -10.3101
-0.846344 -0.615032 -0.370353 -0.110354 0.167021 0.463934 0.782654 1.12555 1.49506 1.89371 2.324 2.78844 3.28939 3.82903 4.4092 5.03124 5.69583 6.40274 7.15055 7.9364 8.75567 9.60162 10.4652 11.3346 12.1955 13.0307 13.8204 14.5431 15.1755 15.6941 16.0762 16.3007 16.3497 16.2095 15.8714 15.3319 14.5937 13.6648 12.5586 11.2934 9.89166 8.37941 6.78523 5.13941 3.473 1.81662 0.1994 -1.35219 -2.81527 -4.17136 -5.40682 -6.51296 -7.48584 -8.32568 -9.03611 -9.62321 -10.0945 -10.458 -10.7213 -10.8903 -10.9689 -10.9581 -10.855
-0.985239 -0.770434 -0.54384 -0.303716 -0.0482368 0.224508 0.516512 0.829841 1.16662 1.52901 1.91916 2.33918 2.79103 3.27648 3.79695 4.35339 4.94611 5.57455 6.23708 6.93071 7.65085 8.39101 9.14256 9.89459 10.6338 11.3444 12.0086 12.607 13.1189 13.5236 13.801 13.9331 13.9047 13.7044 13.3254 12.7659 12.0293 11.1238 10.0627 8.86333 7.54677 6.13701 4.66022 3.1439 1.616 0.103861 -1.36673 -2.77253 -4.09365 -5.31425 -6.42287 -7.41256 -8.28055 -9.02786 -9.65852 -10.1788 -10.5962 -10.9188 -11.1543 -11.3094 -11.3888 -11.3952 -11.3283
-1.12268 -0.924271 -0.715629 -0.495222 -0.261453 -0.0126596 0.252879 0.536936 0.841323 1.16786 1.51835 1.89451 2.29795 2.73002 3.19178 3.68381 4.20609 4.75779 5.33709 5.94093 6.56477 7.20242 7.84575 8.48463 9.10682 9.69809 10.2424 10.7224 11.1199 11.4169 11.5959 11.6417 11.5415 11.2864 10.8712 10.2956 9.56378 8.68434 7.6701 6.53759 5.30644 3.99873 2.63827 1.24984 -0.141648 -1.51205 -2.8388 -4.10181 -5.28408 -6.37232 -7.35718 -8.23332 -8.99912 -9.65632 -10.2093 -10.6644 -11.0292 -11.3117 -11.5197 -11.6604 -11.7395 -11.7608 -11.7264
-1.25758 -1.07529 -0.884285 -0.68323 -0.470751 -0.245431 -0.0058113 0.2496 0.52231 0.813821 1.12559 1.45901 1.81531 2.19551 2.60032 3.03001 3.48428 3.96208 4.46147 4.97936 5.51136 6.05155 6.59235 7.12442 7.63659 8.11602 8.54839 8.91832 9.20992 9.40748 9.49626 9.46335 9.29845 8.99452 8.54832 7.96065 7.23645 6.38461 5.41765 4.35125 3.20371 1.99531 0.747619 -0.517182 -1.77707 -3.01095 -4.19933 -5.32512 -6.37408 -7.33535 -8.20156 -8.96889 -9.63681 -10.2077 -10.6862 -11.0788 -11.3929 -11.6365 -11.8176 -11.9434 -12.0204 -12.0536 -12.0468
-1.3889 -1.22231 -1.04844 -0.866171 -0.674343 -0.471769 -0.257242 -0.0295409 0.212556 0.47025 0.744693 1.03695 1.34794 1.67837 2.02867 2.39885 2.7884 3.19612 3.62001 4.05703 4.50296 4.95226 5.3979 5.83129 6.24232 6.61942 6.94985 7.22003 7.4161 7.5245 7.53274 7.43013 7.20841 6.86241 6.39039 5.79432 5.07982 4.25605 3.33526 2.33245 1.26471 0.150682 -0.990116 -2.13791 -3.27337 -4.37823 -5.43592 -6.43214 -7.35527 -8.1967 -8.95094 -9.6156 -10.1911 -10.6805 -11.0886 -11.422 -11.6879 -11.8942 -12.0489 -12.1592 -12.232 -12.2734 -12.2882
-1.51568 -1.36419 -1.2068 -1.04257 -0.87054 -0.689752 -0.499236 -0.298024 -0.085162 0.140272 0.379147 0.632244 0.900208 1.18349 1.48229 1.79641 2.12523 2.46747 2.82115 3.18337 3.55017 3.91639 4.27559 4.61995 4.94031 5.22629 5.46651 5.64896 5.76151 5.79242 5.7311 5.56867 5.29866 4.91745 4.42465 3.82323 3.1195 2.3229 1.44559 0.501992 -0.491756 -1.51842 -2.56029 -3.59975 -4.61989 -5.60509 -6.54147 -7.41733 -8.22348 -8.95343 -9.60347 -10.1725 -10.6619 -11.0752 -11.4176 -11.6954 -11.9158 -12.0866 -12.2154 -12.3095 -12.3761 -12.4214 -12.4515
-1.637 -1.49989 -1.35816 -1.21104 -1.05777 -0.897588 -0.729761 -0.553557 -0.36827 -0.173234 0.0321648 0.248458 0.47606 0.715219 0.965953 1.22797 1.50058 1.78254 2.07199 2.36623 2.66167 2.95361 3.2362 3.50237 3.74386 3.95131 4.11449 4.22267 4.26506 4.23135 4.11239 3.90073 3.59125 3.18161 2.67251 2.06788 1.37469 0.602775 -0.235615 -1.12634 -2.05394 -3.00226 -3.95507 -4.89662 -5.81217 -6.68846 -7.51408 -8.27978 -8.97864 -9.60618 -10.1603 -10.6413 -11.0512 -11.3942 -11.6755 -11.9016 -12.0795 -12.2164 -12.3199 -12.3972 -12.4552 -12.5006 -12.5395
-1.75204 -1.62846 -1.50142 -1.37031 -1.23456 -1.09362 -0.946936 -0.79402 -0.634394 -0.467626 -0.293332 -0.111196 0.0790043 0.277365 0.483802 0.697988 0.919262 1.14653 1.37815 1.61177 1.84423 2.07138 2.28802 2.48782 2.66333 2.80603 2.90661 2.95525 2.94207 2.85769 2.69385 2.44402 2.104 1.67236 1.15068 0.543726 -0.140776 -0.892403 -1.69853 -2.54492 -3.41638 -4.2974 -5.17285 -6.02847 -6.85139 -7.63049 -8.35663 -9.02287 -9.62444 -10.1588 -10.6255 -11.0258 -11.3629 -11.6413 -11.8664 -12.0445 -12.1825 -12.2875 -12.3663 -12.4261 -12.4735 -12.5149 -12.5567
