MatLab_Code/Ut_2D.grd
DSAA
101 101
-2500 2500
-2500 2500
-28.0343 107.791
[rows 0 to 27 of 101, columns 0 to 62 of 101]
-1.14448 -1.05322 -0.961083 -0.868129 -0.774426 -0.680067 -0.585175 -0.489896 -0.394411 -0.29893 -0.203695 -0.108987 -0.0151175 0.0775651 0.168679 0.257808 0.344509 0.428308 0.50871 0.585202 0.657258 0.724347 0.78594 0.841523 0.890599 0.932702 0.96741 0.994349 1.0132 1.02374 1.02578 1.01925 1.00417 0.980654 0.948903 0.909231 0.862045 0.807847 0.747225 0.680846 0.609445 0.533811 0.454772 0.373181 0.289895 0.205761 0.121593 0.0381546 -0.0438588 -0.123838 -0.201276 -0.275785 -0.347104 -0.415113 -0.479836 -0.541448 -0.600266 -0.656753 -0.711498 -0.765207 -0.818678 -0.872779 -0.92842
-1.07487 -0.976726 -0.877498 -0.777225 -0.675973 -0.573833 -0.470926 -0.367405 -0.263455 -0.159298 -0.0551949 0.0485556 0.151614 0.253601 0.354096 0.452642 0.548743 0.641873 0.731475 0.816969 0.89776 0.973244 1.04281 1.10588 1.16186 1.21022 1.25046 1.28214 1.30488 1.31838 1.32245 1.31696 1.30192 1.27744 1.24374 1.20116 1.15016 1.0913 1.02525 0.95277 0.874709 0.791974 0.705524 0.616349 0.525447 0.433807 0.342382 0.25207 0.163691 0.0779653 -0.00450677 -0.0832609 -0.157986 -0.228536 -0.294939 -0.357402 -0.41631 -0.472219 -0.52585 -0.578064 -0.629846 -0.68227 -0.736466
-1.00392 -0.898567 -0.791876 -0.683884 -0.574647 -0.464252 -0.352816 -0.240494 -0.127477 -0.0139964 0.0996721 0.213209 0.326247 0.438375 0.549133 0.658016 0.764476 0.867925 0.967739 1.06327 1.15383 1.23874 1.31731 1.38885 1.4527 1.50822 1.55483 1.59201 1.6193 1.63635 1.64289 1.63878 1.62399 1.59862 1.56291 1.51724 1.4621 1.39814 1.32612 1.2469 1.16146 1.07084 0.976155 0.878556 0.779207 0.679262 0.579841 0.482001 0.386711 0.294827 0.207066 0.123985 0.0459606 -0.0268236 -0.0943937 -0.15699 -0.215071 -0.269304 -0.32056 -0.36989 -0.418498 -0.46771 -0.518929
-0.931624 -0.818697 -0.704158 -0.588025 -0.470343 -0.351189 -0.230677 -0.108958 0.0137731 0.137276 0.261263 0.385393 0.509273 0.632458 0.754445 0.87468 0.992557 1.10742 1.21858 1.32529 1.42679 1.52229 1.61101 1.69215 1.76495 1.82866 1.8826 1.92615 1.95877 1.98002 1.98958 1.98724 1.97295 1.94679 1.90903 1.86005 1.80043 1.73088 1.65227 1.56558 1.47193 1.37253 1.26867 1.16168 1.05292 0.94375 0.835478 0.729355 0.626529 0.528018 0.434684 0.3472 0.26603 0.191407 0.123317 0.0614866 0.0053808 -0.0457967 -0.0930906 -0.137774 -0.181318 -0.225353 -0.271618
-0.857959 -0.737097 -0.614309 -0.489595 -0.362985 -0.234543 -0.104374 0.0273766 0.160513 0.294789 0.429904 0.5655 0.701158 0.836395 0.970668 1.10337 1.23383 1.36132 1.48507 1.60424 1.71797 1.82538 1.92554 2.01756 2.10053 2.17361 2.23599 2.28692 2.32576 2.35198 2.36517 2.36507 2.35158 2.32478 2.28492 2.23243 2.16794 2.09225 2.00634 1.91135 1.80855 1.69935 1.58522 1.46772 1.34845 1.22899 1.11088 0.995594 0.884507 0.778831 0.679603 0.587644 0.50353 0.427565 0.359759 0.299813 0.247107 0.200706 0.159361 0.12154 0.085451 0.0490973 0.0103294
-0.782947 -0.653775 -0.522325 -0.388574 -0.252531 -0.114245 0.0261931 0.168645 0.31292 0.458769 0.605882 0.753884 0.90233 1.0507 1.19841 1.3448 1.48912 1.63058 1.7683 1.90136 2.02878 2.14954 2.26261 2.36694 2.46149 2.54527 2.61733 2.6768 2.72289 2.75497 2.77253 2.77524 2.76293 2.73565 2.69366 2.63743 2.56764 2.4852 2.39121 2.28698 2.17396 2.05376 1.92812 1.79884 1.66777 1.53677 1.40768 1.28222 1.16203 1.04856 0.943073 0.846566 0.759762 0.683065 0.616528 0.559836 0.512287 0.472789 0.439867 0.411679 0.386059 0.360564 0.332541
-0.706631 -0.568768 -0.428232 -0.284973 -0.138977 0.00973175 0.161079 0.314939 0.471128 0.6294 0.789439 0.950853 1.11318 1.27585 1.43825 1.59965 1.75924 1.91614 2.06937 2.21789 2.36061 2.49636 2.62397 2.74223 2.84994 2.94595 3.02913 3.09845 3.153 3.19197 3.21476 3.22092 3.21024 3.18271 3.13858 3.07837 3.00282 2.91295 2.80999 2.69544 2.57097 2.43844 2.29985 2.1573 2.01296 1.869 1.72758 1.59076 1.46048 1.33849 1.22631 1.12517 1.03598 0.959289 0.895213 0.84344 0.803193 0.773214 0.75177 0.736668 0.725295 0.714671 0.701531
-0.629084 -0.482145 -0.332094 -0.178847 -0.0223595 0.13737 0.300291 0.466296 0.635216 0.80681 0.980758 1.15666 1.33402 1.51227 1.69071 1.86857 2.04496 2.2189 2.38932 2.55506 2.71486 2.86743 3.01142 3.14543 3.2681 3.37805 3.47399 3.55469 3.61905 3.66613 3.69514 3.70554 3.69702 3.66952 3.62329 3.55885 3.47704 3.37896 3.26604 3.13996 3.00265 2.85624 2.70306 2.54553 2.3862 2.22762 2.07232 1.92275 1.78123 1.64984 1.53045 1.42457 1.33336 1.25754 1.19735 1.1525 1.12215 1.10488 1.09867 1.10093 1.10853 1.11782 1.12482
-0.550412 -0.394012 -0.234013 -0.0702913 0.0972345 0.268599 0.443781 0.622699 0.805201 0.991059 1.17996 1.37148 1.56514 1.7603 1.95624 2.15212 2.34697 2.53973 2.72919 2.91406 3.09295 3.26436 3.42677 3.57859 3.71822 3.84408 3.95464 4.04845 4.12421 4.18077 4.21718 4.23274 4.22703 4.19993 4.15165 4.08274 3.9941 3.88698 3.76298 3.624 3.47226 3.31021 3.14054 2.96608 2.78978 2.61465 2.44366 2.27971 2.12557 1.98376 1.85653 1.74576 1.65292 1.57898 1.52434 1.4888 1.47148 1.47078 1.48441 1.50931 1.54173 1.57729 1.61107
-0.470753 -0.304514 -0.134136 0.0405495 0.219667 0.403291 0.591439 0.78406 0.981028 1.18213 1.38707 1.59543 1.80669 2.02021 2.23521 2.4508 2.66592 2.87941 3.08993 3.29606 3.49621 3.68873 3.87185 4.04376 4.20262 4.34659 4.47388 4.5828 4.67176 4.7394 4.78457 4.80637 4.80425 4.77799 4.72777 4.65414 4.55809 4.441 4.30466 4.15124 3.98327 3.80358 3.61525 3.4216 3.22605 3.03212 2.84333 2.6631 2.49472 2.34124 2.2054 2.08952 1.99548 1.92456 1.87741 1.85398 1.8534 1.87394 1.91298 1.96699 2.03151 2.10126 2.17022
-0.390285 -0.213837 -0.0326557 0.153478 0.34474 0.541255 0.743083 0.950216 1.16256 1.37993 1.60205 1.8285 2.05876 2.29216 2.52789 2.76499 3.00233 3.23862 3.47241 3.70211 3.92595 4.14205 4.34842 4.54298 4.72361 4.88819 5.03461 5.16087 5.26512 5.34569 5.40118 5.43049 5.43289 5.40803 5.35603 5.27746 5.17336 5.04527 4.8952 4.7256 4.53937 4.33974 4.13029 3.91485 3.69742 3.48211 3.27304 3.07429 2.88976 2.72311 2.57768 2.45636 2.36152 2.29489 2.25746 2.2494 2.26994 2.31726 2.38846 2.47946 2.58505 2.69887 2.81358
-0.309224 -0.122211 0.0701831 0.26824 0.472195 0.682228 0.898456 1.12092 1.34957 1.58426 1.82472 2.07058 2.32129 2.57619 2.83442 3.09495 3.35659 3.61792 3.87737 4.13316 4.38332 4.62574 4.85817 5.07823 5.28347 5.47144 5.63969 5.78586 5.90776 6.00338 6.07102 6.10932 6.11732 6.09455 6.04101 5.95728 5.84446 5.70425 5.5389 5.35118 5.14438 4.92224 4.68886 4.44867 4.20632 3.96663 3.73442 3.51451 3.31154 3.12992 2.97369 2.84643 2.75115 2.69016 2.66493 2.67598 2.72274 2.80341 2.91483 3.05241 3.21006 3.38022 3.55398
-0.227827 -0.0299173 0.174081 0.384519 0.601699 0.825871 1.05721 1.29583 1.54172 1.79479 2.05481 2.32143 2.59412 2.87219 3.15477 3.44078 3.72893 4.01771 4.30538 4.58999 4.86935 5.1411 5.40267 5.65137 5.88438 6.09887 6.29198 6.46096 6.60318 6.71627 6.79815 6.84716 6.86207 6.84221 6.78747 6.69839 6.57615 6.4226 6.24025 6.03224 5.80231 5.55472 5.29421 5.02589 4.75516 4.48762 4.22894 3.98479 3.76068 3.56189 3.39332 3.2594 3.16393 3.10996 3.09964 3.134 3.21285 3.33454 3.49577 3.69145 3.91461 4.1563 4.40573
-0.146396 0.0627155 0.278683 0.501933 0.73285 0.971759 1.21891 1.47449 1.73856 2.01108 2.29189 2.58065 2.87687 3.17986 3.48874 3.80236 4.11937 4.43815 4.7568 5.07317 5.38485 5.68918 5.98328 6.26408 6.52836 6.77284 6.99422 7.18924 7.35482 7.48813 7.58667 7.64837 7.67171 7.65575 7.60025 7.50568 7.37328 7.20507 7.00384 6.77313 6.51718 6.24086 5.94961 5.64932 5.34624 5.04689 4.75789 4.48589 4.23743 4.01881 3.83597 3.69434 3.59873 3.55314 3.56059 3.6229 3.74047 3.91202 4.13431 4.40187 4.70683 5.03874 5.38462
-0.0652779 0.155305 0.38357 0.620032 0.865164 1.11938 1.38302 1.65635 1.93952 2.23256 2.53537 2.84768 3.16902 3.49873 3.8359 4.17937 4.5277 4.87916 5.23171 5.58299 5.93034 6.27079 6.60109 6.91778 7.21717 7.49549 7.7489 7.9736 8.16596 8.32261 8.44053 8.51722 8.55074 8.53988 8.48418 8.38404 8.24073 8.05645 7.83428 7.57821 7.29303 6.98431 6.65825 6.32165 5.98173 5.64602 5.32226 5.01823 4.74164 4.49998 4.30042 4.14961 4.05359 4.01757 4.04571 4.14094 4.30458 4.53603 4.83241 5.18811 5.59447 6.03947 6.50764
0.0151356 0.247416 0.488263 0.738292 0.998073 1.26812 1.54889 1.84072 2.14388 2.45849 2.78451 3.12176 3.46982 3.82806 4.19558 4.57119 4.9534 5.34036 5.72988 6.1194 6.50598 6.88634 7.25682 7.61351 7.95222 8.2686 8.5582 8.81662 9.03958 9.22306 9.36347 9.45775 9.5035 9.49915 9.44396 9.33823 9.18325 8.98138 8.73604 8.45169 8.13375 7.78853 7.42314 7.04536 6.6635 6.28629 5.92269 5.58178 5.27261 5.00407 4.78474 4.62273 4.52556 4.49995 4.5516 4.68488 4.90248 5.20499 5.5903 6.05309 6.58418 7.17004 7.79246
0.0944057 0.338557 0.59222 0.856115 1.13093 1.41729 1.71575 2.02679 2.35078 2.68795 3.03837 3.40192 3.77829 4.16687 4.56681 4.9769 5.3956 5.82097 6.25067 6.68193 7.11152 7.53581 7.95073 8.35185 8.73442 9.09346 9.42384 9.72042 9.97819 10.1924 10.3588 10.4736 10.5339 10.5377 10.4839 10.3727 10.2053 9.98423 9.71332 9.39751 9.04291 8.65668 8.24693 7.82254 7.39307 6.96853 6.55932 6.17596 5.82904 5.52902 5.28613 5.11019 5.01049 4.99563 5.0732 5.24956 5.52935 5.91493 6.40571 6.99727 7.68048 8.44056 9.25646
0.172048 0.428186 0.694832 0.97283 1.26299 1.56606 1.88273 2.21362 2.55921 2.91987 3.29579 3.68697 4.09317 4.51389 4.9483 5.39522 5.85306 6.31981 6.79299 7.2696 7.74614 8.2186 8.68246 9.13274 9.56406 9.97072 10.3468 10.6864 10.9837 11.233 11.4292 11.5679 11.6454 11.6592 11.6079 11.4913 11.3107 11.0688 10.7698 10.4191 10.0236 9.59142 9.13178 8.65479 8.17137 7.69303 7.23169 6.79955 6.40889 6.07197 5.80087 5.60739 5.50293 5.49831 5.60355 5.82754 6.17759 6.65873 7.27281 8.01736 8.8842 9.85802 10.9151
0.247536 0.515705 0.795432 1.08769 1.39342 1.71352 2.04883 2.4001 2.76798 3.15297 3.55542 3.97546 4.41296 4.86753 5.33841 5.82446 6.32408 6.8352 7.35519 7.88086 8.40841 8.93345 9.45095 9.95536 10.4406 10.9002 11.3274 11.7153 12.057 12.3461 12.5764 12.7426 12.8403 12.8663 12.8187 12.6971 12.5026 12.2382 11.9082 11.519 11.0781 10.5946 10.0791 9.54294 8.99863 8.45929 7.93859 7.45053 7.00929 6.62912 6.32419 6.10855 5.99599 5.99998 6.13348 6.40863 6.83627 7.42519 8.18101 9.10466 10.1904 11.4238 12.7792
0.3203 0.600467 0.893289 1.19988 1.52132 1.85868 2.21294 2.58502 2.97575 3.3858 3.81568 4.26568 4.73583 5.22586 5.73512 6.26251 6.80648 7.36489 7.93501 8.51346 9.09614 9.67825 10.2543 10.818 11.3626 11.8807 12.3646 12.8063 13.198 13.5319 13.801 13.9988 14.1199 14.1606 14.1181 13.9919 13.7828 13.4941 13.1304 12.6987 12.2075 11.6671 11.0892 10.4868 9.87407 9.26591 8.67788 8.12597 7.62644 7.19571 6.85026 6.6066 6.48126 6.49075 6.6515 6.97963 7.49055 8.19813 9.11347 10.243 11.5858 13.1303 14.8507
0.389733 0.681781 0.987617 1.3085 1.64569 2.0004 2.3738 2.767 3.18101 3.61669 4.07475 4.55566 5.05965 5.58659 6.13595 6.70677 7.29751 7.90603 8.52952 9.1644 9.8063 10.45 11.0894 11.7177 12.3272 12.9096 13.4561 13.9576 14.405 14.7892 15.1019 15.3356 15.4838 15.5417 15.506 15.3757 15.1515 14.8367 14.4364 13.9582 13.4116 12.8082 12.161 11.4849 10.7957 10.1103 9.44629 8.82186 8.25549 7.76593 7.37213 7.09329 6.9489 6.95889 7.14367 7.52411 8.12123 8.95554 10.0457 11.4064 13.0447 14.9557 17.1167
0.455199 0.758913 1.07758 1.41262 1.76546 2.13749 2.53008 2.94454 3.38208 3.84378 4.33058 4.84317 5.38196 5.94703 6.53804 7.15413 7.79386 8.45512 9.13502 9.82982 10.5349 11.2446 11.9523 12.6504 13.3304 13.983 14.5981 15.1655 15.6744 16.1146 16.4762 16.7503 16.9293 17.0073 16.9803 16.8466 16.6067 16.264 15.8241 15.2952 14.6881 14.0153 13.2919 12.5341 11.7599 10.9884 10.2392 9.53298 8.89046 8.33289 7.8818 7.55921 7.38776 7.39105 7.59388 8.02252 8.70467 9.66909 10.9444 12.5567 14.5256 16.8582 19.5401
0.516033 0.831099 1.1623 1.51123 1.87949 2.26866 2.68032 3.116 3.57713 4.06505 4.58092 5.12568 5.69999 6.30416 6.93805 7.60097 8.29162 9.00793 9.74699 10.5049 11.2769 12.0567 12.8374 13.6104 14.3665 15.095 15.7848 16.4241 17.0006 17.5025 17.9183 18.2376 18.4513 18.5525 18.536 18.3996 18.1437 17.7714 17.2889 16.7052 16.0321 15.2837 14.4766 13.6291 12.7613 11.8944 11.0506 10.2528 9.5242 8.88865 8.37031 7.99404 7.7857 7.77262 7.98426 8.45272 9.21322 10.3042 11.7666 13.6417 15.9669 18.7684 22.0486
0.571554 0.897546 1.24087 1.60328 1.98658 2.39255 2.82298 3.27964 3.76421 4.27827 4.82327 5.40043 6.01067 6.65456 7.33221 8.04315 8.78624 9.55952 10.3601 11.184 12.0261 12.8799 13.7378 14.5906 15.4278 16.2379 17.0082 17.7252 18.3753 18.9445 19.4199 19.789 20.0415 20.1688 20.165 20.0268 19.7543 19.3508 18.8228 18.1802 17.4358 16.6055 15.7076 14.7624 13.7922 12.8207 11.8726 10.9731 10.1483 9.42426 8.82791 8.38684 8.12999 8.08838 8.29601 8.79093 9.61629 10.8212 12.4607 14.5949 17.2845 20.583 24.5214
0.621071 0.957452 1.31235 1.68771 2.0855 2.50774 2.95645 3.43362 3.94122 4.4811 5.05499 5.66442 6.31062 6.99445 7.71632 8.47601 9.27258 10.1042 10.9681 11.8602 12.7751 13.7062 14.645 15.5818 16.5049 17.4016 18.2577 19.0582 19.7873 20.4293 20.9692 21.3928 21.6879 21.8443 21.855 21.7158 21.4265 20.9902 20.414 19.7085 18.888 17.9697 16.9738 15.9231 14.8422 13.7572 12.6953 11.6844 10.753 9.92988 9.24429 8.72641 8.40799 8.32333 8.51058 9.01334 9.88242 11.1776 12.9692 15.338 18.3727 22.1623 26.7789
0.663895 1.01001 1.37581 1.76341 2.175 2.6128 3.07906 3.57605 4.10599 4.67104 5.27325 5.91445 6.59623 7.31977 8.0858 8.8944 9.74489 10.6357 11.564 12.5258 13.5156 14.5263 15.5491 16.5732 17.5862 18.5739 19.5205 20.4091 21.2222 21.9419 22.5509 23.0331 23.3743 23.5626 23.5896 23.4503 23.1438 22.6734 22.0464 21.2745 20.373 19.3611 18.2611 17.0977 15.8982 14.6912 13.5067 12.3752 11.3275 10.3949 9.60882 9.00176 8.60773 8.46368 8.6111 9.09814 9.98213 11.3325 13.2337 15.7871 19.1112 23.3353 28.5828
0.699351 1.05442 1.43031 1.82931 2.25381 2.70625 3.18913 3.70497 4.25628 4.84553 5.4751 6.14717 6.86368 7.62617 8.43573 9.29278 10.1969 11.1468 12.1399 13.1721 14.2378 15.3297 16.4384 17.5523 18.658 19.7398 20.7806 21.7613 22.6624 23.4637 24.1457 24.69 25.0801 25.3025 25.3474 25.2086 24.8847 24.3789 23.699 22.8574 21.8711 20.7609 19.5509 18.2687 16.9438 15.6077 14.2929 13.0324 11.8597 10.808 9.91092 9.20258 8.7187 8.49796 8.58398 9.02786 9.89147 11.2512 13.2027 15.8644 19.3811 23.9209 29.66
0.726787 1.08992 1.47495 1.88435 2.3207 2.78666 3.28497 3.81843 4.38983 5.00197 5.65756 6.35913 7.109 7.90912 8.76095 9.66527 10.622 11.6302 12.6873 13.7895 14.9311 16.1045 17.2997 18.5046 19.7045 20.8825 22.0196 23.095 24.0868 24.9726 25.7302 26.3389 26.7802 27.0385 27.1022 26.9643 26.6227 26.0804 25.3458 24.4322 23.3578 22.1454 20.8213 19.4153 17.9598 16.4888 15.0374 13.6414 12.3364 11.1576 10.1403 9.31969 8.73245 8.41792 8.42033 8.7917 9.59555 10.9115 12.8407 15.5122 19.0876 23.7626 29.755
